IF (InterestingBacteriaObjects_RadialDistribution_MeanFrac_EnhancedDNAImage_1of6 > 2.9627517776356651, [0.66393894514496476, -0.95905488407099904, -0.70492726875516898], [-0.78725494822557074, -0.048538620025020664, -0.16420645111802551])
IF (InterestingBacteriaObjects_RadialDistribution_MeanFrac_EnhancedDNAImage_1of6 > 2.0326176120175172, [0.0049022973301095039, -0.56701503438027701, 0.18286806421620969], [-0.45882638610432736, 0.49305813141250854, -0.48235504190286854])
IF (InterestingBacteriaObjects_Children_InterestingDNAObjects_Count > 1.0, [-0.4293944528232933, 0.048817140559629234, 0.2520304057783822], [0.51172343867926551, -0.2006514233645863, -0.48495017679152758])
IF (InterestingBacteriaObjects_Intensity_StdIntensity_InterestingDNAImage > 0.0083769078744318284, [0.48213730987433367, -0.29244256580332811, -0.21283351208872345], [-0.42801424727280118, 0.12515741111216305, 0.077367152124361696])
IF (InterestingBacteriaObjects_Mean_InterestingDNAObjects_AreaShape_MinorAxisLength > 6.0857720058325384, [-0.20112456376235341, 0.063932381304273117, 0.0090019892522636667], [0.83283908005809026, -0.58967065753841152, -0.11406766802073075])
IF (InterestingBacteriaObjects_Intensity_MedianIntensity_EnhancedDNAImage > 0.010421913117170334, [-0.6406900520130222, 0.37011808880306468, -0.13631839784917127], [0.1992353175070363, -0.19195140565516713, 0.054258006847925457])
IF (InterestingBacteriaObjects_RadialDistribution_ZernikeMagnitude_EnhancedDNAImage_8_4 > 0.00025343932009034832, [-0.36425197698899042, -0.014332471499390424, 0.094794313208887732], [0.321735113213934, 0.041611402224103151, -0.1690612013779888])
IF (InterestingBacteriaObjects_RadialDistribution_RadialCV_DNAImage_1of6 > 0.061382668386354748, [0.1311737112645045, -0.29818526518713051, 0.17611607289532266], [-0.23354478617051028, 0.25417188859667628, -0.18239171060163487])
IF (InterestingBacteriaObjects_RadialDistribution_ZernikeMagnitude_InterestingDNAImage_3_1 > 0.0027854991784178077, [0.35541758220261083, 0.016881774239061745, -0.17442712411790792], [-0.31090386751585053, -0.0087931929988484293, 0.078405167079006979])
IF (InterestingBacteriaObjects_RadialDistribution_MeanFrac_DNAImage_1of6 > 1.4090843200683545, [-0.07761390873651719, -0.071503225402929832, 0.096260416085378331], [0.46453470334070274, 0.39325586506486215, -0.56075159992379131])
IF (InterestingBacteriaObjects_RadialDistribution_ZernikeMagnitude_EnhancedDNAImage_5_3 > 0.00018758526283081011, [-0.12425489271263215, 0.013782950298563211, 0.04811882276207511], [0.65220295867309863, -0.10914785520275683, -0.4822924671350543])
IF (InterestingBacteriaObjects_RadialDistribution_MeanFrac_DNAImage_1of6 > 3.1112693813111898, [0.88695479815063216, -0.99999999999998401, -0.85470767675809145], [-0.036799239246530925, 0.018543725397345577, 0.034099139633993338])
IF (InterestingBacteriaObjects_RadialDistribution_ZernikeMagnitude_InterestingDNAImage_9_5 > 0.00079000329399713269, [-0.60275241710708216, 0.14152989800530513, 0.085111852180193709], [0.13528923395515743, -0.040778074602425274, -0.031398308870533229])
IF (InterestingBacteriaObjects_Intensity_StdIntensity_InterestingDNAImage > 0.0064013612355006185, [0.22833361314492898, -0.11326136502356744, -0.016469275361156232], [-0.39386872085044028, 0.1039255536176111, 0.015950298160944194])
IF (InterestingBacteriaObjects_Mean_InterestingDNAObjects_AreaShape_Zernike_2_2 > 0.11383425983868029, [0.39338296104848752, -0.3390843125558895, 0.1299596300345113], [-0.1617720341958882, 0.074269819942743731, -0.033088935237261884])